136	39	0,3321	0,7665	3448,7816
39	40	0,1182	0,2728	3409,9714
40	42	0,0019	0,0043	3388,0685
42	43	0,0694	0,1602	3387,8518
43	45	0,0638	0,1472	3183,7603
45	46	0,1313	0,3032	2990,1456
136	17	0,3321	0,7665	2957,6296
17	18	0,0019	0,0043	2928,8311
18	19	0,2232	0,5154	2928,6688
19	20	0,1088	0,2512	2909,4323
136	85	0,0113	0,0260	2750,6182
85	86	0,4184	0,9658	2749,7910
136	1	0,3321	0,7665	2693,7880
1	2	0,0019	0,0043	2670,1361
2	3	0,2232	0,5154	2618,6362
20	22	0,1820	0,4201	2609,2959
3	4	0,0994	0,2295	2557,6662
46	47	0,0619	0,1429	2480,2854
4	5	0,1557	0,3595	2457,5658
136	99	0,0094	0,0217	2415,3619
99	100	0,1688	0,3898	2414,8238
100	101	0,1182	0,2728	2349,4313
22	24	0,0244	0,0563	2272,6673
101	103	0,4559	1,0524	2268,1311
136	63	0,0075	0,0173	2255,9271
63	64	0,2701	0,6236	2255,5554
5	6	0,1632	0,3768	2113,3386
136	121	0,0113	0,0260	2044,9969
121	122	0,6491	1,4984	2044,5314
24	25	0,0450	0,1039	1997,1043
64	65	0,3827	0,8835	1926,0081
122	123	0,0450	0,1039	1912,5613
136	75	0,0113	0,0260	1879,7815
75	76	0,7298	1,6846	1879,3961
125	127	0,0976	0,2252	1851,6019
65	66	0,3302	0,7622	1822,7703
131	132	0,1613	0,3724	1770,6648
123	125	0,0206	0,0476	1718,3717
6	8	0,0568	0,0567	1555,2665
104	105	0,4577	1,0567	1534,3607
127	129	0,1388	0,3205	1524,1850
129	130	0,0432	0,0996	1523,2958
90	91	0,3321	0,7665	1498,9985
8	10	0,1088	0,1086	1492,5008
130	131	0,0919	0,2122	1482,8382
77	78	0,2082	0,4807	1420,7158
110	47	0,4970	0,6457	1386,2930
86	88	0,4390	1,0134	1385,1369
76	77	0,2251	0,5197	1365,3089
25	26	0,0188	0,0433	1333,0676
78	79	0,0469	0,1083	1312,2351
90	103	0,0769	0,1776	1293,5647
26	27	0,1182	0,1181	1269,3219
86	87	0,1050	0,1364	1236,4781
79	80	0,6195	0,6186	1113,5264
107	110	0,0455	0,0591	1052,0233
66	67	0,3283	0,7579	1041,9605
80	81	0,3405	0,3400	957,2432
103	104	0,6960	1,6067	948,5210
10	13	0,1182	0,1181	946,9472
67	68	0,1707	0,3941	926,7768
92	93	0,1332	0,3075	893,1330
51	52	0,0263	0,0606	882,9018
132	133	0,3783	0,3778	882,1509
88	89	0,0752	0,0258	879,0205
27	28	0,0237	0,0236	862,4056
91	104	0,1419	0,1417	808,2938
66	79	0,1294	0,2988	680,8726
25	51	0,0450	0,1039	668,7354
28	31	0,0568	0,0567	660,4457
68	70	0,0582	0,1343	646,4828
91	92	0,0844	0,1949	604,9666
79	131	0,0169	0,0390	588,5714
81	83	0,1088	0,1086	567,8673
92	132	0,0769	0,1776	544,9433
93	97	0,1032	0,2382	542,3829
97	98	0,1351	0,3118	542,0298
31	32	0,0948	0,0499	537,5735
47	48	0,1144	0,2642	533,0469
52	56	0,1088	0,2512	527,6505
56	57	0,2559	0,1346	527,3448
133	134	0,3972	0,3966	512,7403
57	58	0,4170	0,2193	504,6053
107	108	0,5497	0,2891	499,8140
106	107	0,2135	0,2774	473,7188
35	36	0,3696	0,1944	471,8430
89	90	0,0769	0,1776	460,3350
32	33	0,4170	0,2193	442,2610
33	34	0,1137	0,0598	441,7493
73	74	1,3235	0,4540	438,4247
38	135	0,0851	0,0850	437,3607
6	7	0,1144	0,2642	396,3589
126	76	0,1706	0,0897	388,9062
70	73	0,0675	0,1559	382,1589
135	98	0,2932	0,2928	375,8412
93	94	0,2932	0,2928	359,4791
35	38	0,0568	0,0567	354,0886
104	118	0,3227	0,7449	342,1951
58	59	0,5023	0,2642	340,4252
13	14	0,5023	0,2642	327,2096
13	15	0,0568	0,0567	313,3246
127	128	0,1182	0,2728	305,4625
47	62	0,1388	0,3205	284,6182
94	95	0,2175	0,2172	279,5840
52	53	0,0600	0,1386	279,5003
108	109	0,5402	0,2842	272,4642
109	116	1,0993	0,5783	272,2111
36	37	0,2654	0,1396	269,6851
10	12	0,9174	0,3147	268,5881
118	119	0,1463	0,3378	265,9996
20	21	0,7108	0,3739	257,3877
22	23	0,3033	0,1595	257,2222
90	129	0,0769	0,1776	256,8532
134	135	0,2932	0,2928	246,2168
48	51	0,0450	0,1039	241,0214
125	126	0,5307	0,2792	234,5631
119	120	0,1238	0,2858	231,0642
128	77	0,0525	0,1213	225,6855
15	16	0,2938	0,1545	213,8090
92	104	0,0769	0,1776	209,9250
96	120	0,2648	0,2644	203,1792
28	29	0,1895	0,0997	202,2305
108	114	0,7771	0,4088	170,7431
105	106	0,2030	0,2637	168,3875
15	83	0,1419	0,1417	167,7500
84	135	0,3317	0,1745	161,5762
83	84	0,5686	0,2991	158,4108
9	24	0,2654	0,1396	148,2786
7	73	0,1313	0,3032	143,5813
123	124	0,5264	0,1806	137,1513
31	35	0,0757	0,0756	129,9793
10	11	0,3980	0,2094	125,7575
55	98	0,1419	0,1417	118,2276
110	111	0,4739	0,2493	115,6632
59	60	0,3317	0,1745	100,3631
54	55	0,0206	0,0476	97,6890
81	82	0,5686	0,2991	94,8652
68	69	0,5591	0,2941	89,3716
50	96	0,1419	0,1417	71,6854
43	44	0,8150	0,4287	68,0895
29	30	0,3980	0,2094	63,4360
53	54	0,0300	0,0693	54,0548
62	120	0,0394	0,0909	50,0608
111	112	0,8624	0,4536	49,5609
95	96	0,2648	0,2644	49,2410
48	49	0,2837	0,2833	49,1856
49	50	0,2837	0,2833	49,1803
8	9	0,5212	0,2742	42,7455
70	71	0,7013	0,3689	30,5358
101	102	2,2861	0,7841	9,8472
40	41	2,9629	1,0163	6,8154
71	72	1,0235	0,5384	5,4621
60	61	0,2085	0,1097	0,0000
112	113	0,5686	0,2991	0,0000
114	115	1,0804	0,5683	0,0000
116	117	0,4739	0,2493	0,0000
