1	2	0,0922	0,0470	4520,4705
2	3	0,4930	0,2511	3140,9687
3	23	0,4512	0,3083	1592,0511
23	24	0,8980	0,7091	1480,4600
3	4	0,3660	0,1864	1419,3511
4	5	0,3811	0,1941	1270,5387
2	19	0,1640	0,1565	1253,3188
5	6	0,8190	0,7070	1199,0082
19	20	1,5042	1,3554	1154,8010
20	21	0,4095	0,4784	1041,9408
24	25	0,8960	0,7011	1005,1065
29	30	0,5075	0,2585	917,2648
6	26	0,2030	0,1034	693,5351
26	27	0,2842	0,1447	630,1476
27	28	1,0590	0,9337	567,1807
25	29	0,5000	0,5000	548,5332
21	22	0,7089	0,9373	515,2826
28	29	0,8042	0,7006	506,1510
6	7	0,1872	0,6188	455,4715
30	31	0,9744	0,9630	429,1473
8	21	2,0000	2,0000	423,9122
12	22	2,0000	2,0000	414,9172
8	9	1,0300	0,7400	407,6873
15	16	0,7463	0,5450	306,6292
9	15	2,0000	2,0000	290,2226
12	13	1,4680	1,1550	281,5889
31	32	0,3105	0,3619	272,4410
16	17	1,2890	1,7210	252,3448
7	8	0,7114	0,2351	241,6077
13	14	0,5416	0,7129	212,0701
17	18	0,7320	0,5740	203,2642
18	33	0,5000	0,5000	143,0613
32	33	0,3410	0,5302	120,2933
14	15	0,5910	0,5260	71,2379
9	10	1,0440	0,7400	71,0294
11	12	0,3744	0,1238	69,0505
10	11	0,1966	0,0650	31,4596
