362	1	0,02415	0,02849	4754,35400
363	362	0,01887	0,01922	4682,02030
211	1	0,05629	0,03881	4556,11060
209	211	0,05592	0,03856	4476,91320
1	190	0,14154	0,14412	3992,80390
208	209	0,03838	0,02646	3929,42860
159	190	0,23590	0,24020	3887,44690
365	363	0,04836	0,04924	3472,93890
123	1	0,01352	0,01595	3451,86800
269	365	0,07077	0,07206	3420,14880
120	123	0,29488	0,30025	3403,25240
120	94	0,25383	0,25846	3403,16630
268	269	0,05496	0,05597	3272,48480
1	274	0,11550	0,07963	2771,58170
275	276	0,11586	0,07988	2706,87750
274	275	0,08370	0,05771	2621,25470
276	264	0,11513	0,07938	2557,19630
1	92	0,38889	0,26813	2441,31570
92	2	0,34101	0,23512	2390,44660
254	257	0,07887	0,06658	2340,27880
283	282	0,06631	0,05598	2291,52210
253	254	0,04586	0,03872	2282,16360
1	215	0,34759	0,23965	2208,33390
1	364	0,28509	0,19656	2206,43980
364	285	0,05848	0,04032	2165,72640
257	283	0,05375	0,04537	2148,47950
300	285	0,08114	0,05594	2143,59720
360	253	0,04971	0,03427	2139,46980
251	360	0,09869	0,06804	2133,77100
220	223	0,07098	0,05992	2122,69150
223	237	0,08179	0,06905	2072,96680
215	216	0,10600	0,07308	2048,19080
208	236	0,07676	0,05292	2034,51460
264	265	0,07237	0,04990	2013,12030
265	367	0,00877	0,00605	1974,68500
367	340	0,00110	0,00076	1974,17500
340	341	0,02741	0,01890	1964,28640
268	297	0,05044	0,03478	1933,00580
1	351	0,22661	0,15624	1915,90190
341	368	0,17910	0,12348	1915,32590
216	218	0,06579	0,04536	1911,82240
218	219	0,00292	0,00202	1908,79460
351	379	0,02339	0,01613	1905,81120
379	380	0,10340	0,08730	1904,68940
380	229	0,04119	0,03477	1899,77660
368	345	0,11513	0,07938	1881,80950
297	296	0,05044	0,03478	1875,25340
219	220	0,08041	0,05544	1873,33550
1	350	0,22661	0,15624	1781,35660
229	228	0,06309	0,05327	1780,23320
345	346	0,05848	0,04032	1779,24160
350	203	0,02339	0,01613	1772,62740
383	251	0,01097	0,00756	1744,23860
94	119	0,05603	0,06609	1735,98550
129	346	0,26170	0,18043	1727,66010
237	372	0,05375	0,04537	1704,18730
372	239	0,02658	0,02244	1702,06350
239	243	0,08354	0,07053	1668,79650
235	236	0,04203	0,02898	1654,43050
159	182	0,05410	0,06381	1575,12520
208	277	0,06725	0,04637	1541,76570
160	129	0,22784	0,19235	1439,25790
70	382	0,03107	0,02142	1413,52540
281	282	0,05373	0,03704	1379,71170
203	206	0,10340	0,08730	1376,34500
59	70	0,05373	0,03704	1349,27610
159	161	0,08407	0,05796	1338,35300
228	371	0,04674	0,03946	1322,43270
371	374	0,03943	0,03329	1321,28340
277	279	0,04825	0,03326	1304,28580
374	226	0,00234	0,00197	1300,17650
267	268	0,15643	0,10786	1289,43000
206	207	0,05988	0,05055	1245,92150
73	77	0,07676	0,05292	1222,87700
363	381	0,26316	0,18144	1216,88460
381	268	0,30958	0,21344	1212,17430
119	122	0,05117	0,03528	1199,21100
182	186	0,04830	0,05698	1167,33700
279	280	0,03436	0,02369	1163,41470
349	207	0,03213	0,02713	1113,16720
299	296	0,03801	0,02621	1083,35800
186	166	0,03774	0,03843	1076,52290
226	225	0,02741	0,01890	1075,60790
129	154	0,03505	0,02959	1058,24330
166	170	0,03774	0,03843	1035,47790
72	73	0,09869	0,06804	1031,99820
232	349	0,07595	0,06412	1023,13850
129	151	0,03290	0,02268	1013,29950
282	234	0,05550	0,04685	1010,09120
3	20	0,61039	0,42084	996,76800
129	141	0,03213	0,02713	976,52280
300	301	0,09320	0,06426	969,27380
296	260	0,04788	0,03301	963,71720
170	174	0,02921	0,02466	949,88840
280	281	0,06214	0,04284	938,59960
266	267	0,09942	0,06854	935,23070
225	224	0,06945	0,04788	935,22840
122	118	0,20103	0,13860	927,02710
118	84	0,04021	0,02772	924,71970
90	370	0,15790	0,10886	916,68310
98	94	0,04021	0,02772	910,01980
83	90	0,12098	0,08341	909,64940
382	383	0,15022	0,10357	908,47050
2	14	0,01645	0,01134	863,56390
321	299	0,07018	0,04838	858,22290
224	222	0,06945	0,04788	844,58110
116	98	0,06214	0,04284	838,42930
383	370	0,01828	0,01260	835,15800
174	180	0,06369	0,06485	817,62050
64	67	0,04496	0,03100	812,86620
159	184	0,22661	0,15624	809,16560
281	235	0,04934	0,03402	794,39360
14	16	0,09869	0,06804	788,12640
16	19	0,15717	0,10836	787,27870
268	292	0,09869	0,06804	783,80950
2	13	0,03213	0,02713	774,26260
13	4	0,04528	0,03822	773,91790
4	12	0,06718	0,05672	773,46910
79	83	0,24123	0,16632	772,49870
97	116	0,04386	0,03024	767,08150
84	33	0,04203	0,02898	763,47250
117	97	0,04021	0,02772	759,20740
232	231	0,09686	0,06678	759,02280
96	117	0,07858	0,05418	758,53970
19	8	0,02193	0,01512	753,07840
294	292	0,09174	0,06325	747,08520
67	68	0,08626	0,05947	735,41780
20	51	0,08772	0,06048	735,40930
2	17	0,08772	0,06048	730,45420
17	18	0,11696	0,08064	729,78430
62	64	0,06031	0,04158	727,21940
184	187	0,03505	0,02959	724,95100
187	167	0,08471	0,07151	724,61590
322	321	0,09503	0,06552	717,64910
260	324	0,10782	0,07434	710,97080
179	160	0,06945	0,04788	689,75550
12	15	0,10516	0,08878	687,50960
1	373	0,02778	0,01915	681,62140
373	352	0,10417	0,07182	681,37650
78	79	0,02193	0,01512	681,31930
22	33	0,04386	0,03024	678,94570
243	356	0,00914	0,00630	676,22570
356	357	0,05117	0,03528	676,08180
8	9	0,09503	0,06552	661,25560
9	3	0,01462	0,01008	660,64970
58	20	0,59211	0,40824	652,90850
58	62	0,12939	0,08921	648,02550
77	59	0,38743	0,26712	647,25390
59	69	0,02120	0,01462	644,85980
18	5	0,12244	0,08442	643,92050
161	172	0,08772	0,06048	643,91180
5	6	0,04934	0,03402	643,20080
307	300	0,07822	0,05393	637,57160
235	234	0,08333	0,05746	635,51820
161	185	0,13158	0,09072	634,86330
77	78	0,05117	0,03528	632,40350
101	96	0,10600	0,07308	629,43530
357	244	0,01279	0,00882	625,66590
352	414	0,07054	0,04864	621,57710
324	323	0,08772	0,06048	621,47190
222	221	0,08772	0,06048	619,45280
172	188	0,09138	0,06300	613,49040
384	243	0,22734	0,15674	612,41210
15	11	0,13291	0,11220	608,13060
295	294	0,02266	0,01562	607,09620
160	180	0,04386	0,03024	605,20790
85	244	0,13999	0,09652	604,87430
20	44	0,01462	0,01008	601,41840
376	230	0,02775	0,02343	601,12990
233	376	0,01168	0,00986	600,98620
301	302	0,05556	0,03830	593,52720
69	65	0,03107	0,02142	587,06570
230	231	0,04557	0,03847	564,94200
167	175	0,09055	0,07645	552,81670
21	57	0,21565	0,14868	548,89630
141	130	0,04674	0,03946	547,72570
68	85	0,02924	0,02016	547,13360
414	401	0,07273	0,05015	545,56990
100	101	0,05848	0,04032	544,02380
185	164	0,09138	0,06300	538,49840
401	402	0,07091	0,04889	528,66770
102	100	0,05483	0,03780	525,97740
265	266	0,10782	0,07434	521,23910
6	7	0,04021	0,02772	517,09750
336	323	0,05483	0,03780	508,51760
382	66	0,03290	0,02268	506,49440
263	264	0,06871	0,04738	506,02040
21	72	0,19372	0,13356	498,90660
154	134	0,07887	0,06658	496,10020
322	329	0,03143	0,02167	486,59440
65	71	0,07127	0,04914	481,45320
154	156	0,03213	0,02713	476,39280
262	263	0,06309	0,05327	474,53340
261	262	0,03797	0,03206	474,33230
175	181	0,08471	0,07151	472,45400
402	403	0,05958	0,04108	466,16710
53	22	0,04021	0,02772	463,30990
7	3	0,05190	0,03578	460,67000
339	265	0,06798	0,04687	457,74010
155	151	0,06945	0,04788	457,54850
403	404	0,06835	0,04712	452,50530
200	119	0,07676	0,05292	447,15920
296	295	0,07420	0,05116	446,09100
221	220	0,08407	0,05796	428,95720
259	261	0,05112	0,04316	428,61020
257	259	0,06871	0,04738	428,36480
188	168	0,09138	0,06300	427,46790
168	176	0,11331	0,07812	427,16770
176	179	0,06579	0,04536	426,81720
309	307	0,09869	0,06804	423,35370
47	21	0,08407	0,05796	421,01870
151	152	0,05483	0,03780	419,63130
156	137	0,08407	0,05796	414,12600
130	131	0,05483	0,03780	412,02120
134	139	0,11976	0,10111	410,48110
164	165	0,03290	0,02268	395,95130
99	102	0,05117	0,03528	394,01730
288	300	0,18677	0,12877	391,66300
158	200	0,02193	0,01512	390,21190
124	158	0,10234	0,07056	389,93090
127	124	0,02924	0,02016	389,71270
128	127	0,27047	0,18648	389,10300
125	128	0,02193	0,01512	388,97960
57	125	0,09138	0,06300	388,72050
21	50	0,03655	0,02520	380,60010
44	25	0,12793	0,08820	379,37530
165	173	0,13889	0,09576	378,00480
234	233	0,02775	0,02343	376,58050
251	252	0,18823	0,12978	375,31920
51	52	0,06945	0,04788	375,27000
153	141	0,07303	0,06165	366,98240
10	11	0,04674	0,03946	357,30430
66	252	0,19298	0,13306	354,57060
94	113	0,03290	0,02268	354,38350
183	182	0,03290	0,02268	351,23030
94	111	0,06579	0,04536	345,47730
131	157	0,03655	0,02520	343,02730
84	99	0,13158	0,09072	339,58120
33	55	0,04386	0,03024	336,38950
26	53	0,10051	0,06930	327,72040
384	68	0,03107	0,02142	327,01400
20	33	0,06579	0,04536	325,93030
137	144	0,09503	0,06552	319,57440
113	114	0,07676	0,05292	312,28470
152	135	0,07676	0,05292	306,36060
132	153	0,08772	0,06048	300,24350
25	35	0,12793	0,08820	293,71320
71	63	0,02266	0,01562	291,44580
338	339	0,04203	0,02898	290,28250
55	23	0,07676	0,05292	289,84950
66	384	0,03472	0,02394	286,61940
289	288	0,04678	0,03226	277,22760
139	143	0,06214	0,04284	274,87380
329	333	0,05848	0,04032	272,28170
173	179	0,11331	0,07812	263,28370
268	327	0,03838	0,02646	262,14390
111	106	0,06579	0,04536	259,94960
138	155	0,10600	0,07308	241,94560
52	56	0,11696	0,08064	239,63140
21	49	0,13524	0,09324	232,17010
230	228	0,02629	0,02219	231,03600
275	209	0,13962	0,09626	228,85510
72	74	0,02193	0,01512	228,76760
51	54	0,05483	0,03780	224,02660
57	149	0,06945	0,04788	223,95350
54	24	0,07310	0,05040	223,90060
32	44	0,25585	0,17640	221,73520
48	50	0,07310	0,05040	217,79810
162	183	0,08407	0,05796	215,66370
181	178	0,05848	0,04032	215,60800
314	309	0,06981	0,04813	212,63860
10	88	0,10954	0,09248	210,46320
333	334	0,04167	0,02873	210,08630
149	138	0,12793	0,08820	209,68810
157	133	0,11331	0,07812	207,46420
404	407	0,08333	0,05746	207,37670
84	104	0,07310	0,05040	205,13400
23	28	0,06945	0,04788	204,44800
28	36	0,09138	0,06300	204,32310
40	47	0,09138	0,06300	204,18240
144	148	0,09503	0,06552	202,72440
407	408	0,04898	0,03377	201,87130
404	405	0,04021	0,02772	199,25100
135	145	0,14255	0,09828	197,60280
301	305	0,04386	0,03024	195,77320
243	246	0,03651	0,03083	193,69390
30	26	0,05483	0,03780	192,33870
324	266	0,10380	0,07157	190,66960
304	378	0,05885	0,04057	190,58530
329	330	0,02668	0,01840	188,76740
88	89	0,08041	0,05544	187,34890
136	132	0,14986	0,10332	183,45580
142	136	0,08041	0,05544	183,33510
114	115	0,04752	0,03276	176,67230
145	146	0,03290	0,02268	175,20020
76	72	0,05483	0,03780	173,88920
81	76	0,05300	0,03654	173,77870
327	328	0,05483	0,03780	172,21170
203	204	0,05112	0,04316	170,88190
159	199	0,27047	0,18648	169,35470
290	289	0,06287	0,04334	169,25260
1	375	0,01097	0,00756	168,53120
375	202	0,14986	0,10332	168,43750
310	305	0,08260	0,05695	168,16220
243	249	0,04878	0,04118	167,41070
160	181	0,09138	0,06300	166,17000
89	67	0,10782	0,07434	164,32060
150	148	0,02193	0,01512	163,22510
46	50	0,03655	0,02520	162,59360
84	109	0,04752	0,03276	162,16000
246	247	0,05263	0,03629	157,90040
63	61	0,10965	0,07560	156,49320
330	331	0,04167	0,02873	154,31730
292	290	0,01681	0,01159	149,77570
73	80	0,07310	0,05040	146,80710
115	112	0,04021	0,02772	146,68680
199	197	0,06945	0,04788	145,90910
197	191	0,01097	0,00756	145,80070
309	313	0,07858	0,05418	144,03550
405	406	0,07164	0,04939	143,67880
408	410	0,05519	0,03805	142,62970
312	307	0,07237	0,04990	140,63440
209	210	0,11696	0,08064	140,01710
237	238	0,06222	0,05253	140,00540
334	335	0,05592	0,03856	140,00290
232	293	0,07493	0,05166	138,44750
24	29	0,09503	0,06552	138,43750
109	108	0,04966	0,04192	137,98450
37	32	0,10600	0,07308	136,30530
180	177	0,05483	0,03780	135,53020
406	390	0,04532	0,03125	127,91910
106	95	0,08407	0,05796	124,37570
43	48	0,08041	0,05544	122,08680
410	411	0,06433	0,04435	121,50270
104	105	0,04966	0,04192	119,66630
316	312	0,10526	0,07258	119,59260
304	305	0,20834	0,14364	119,26560
11	86	0,03505	0,02959	114,59060
260	287	0,03582	0,02470	112,26420
324	326	0,00548	0,00378	112,25950
323	322	0,06762	0,04662	112,24680
411	412	0,06762	0,04662	110,22170
345	369	0,05300	0,03654	107,62280
56	27	0,09503	0,06552	104,04330
369	370	0,20834	0,14364	102,62570
31	40	0,10600	0,07308	97,29650
74	75	0,10600	0,07308	96,37090
308	316	0,22186	0,15296	96,30830
305	308	0,05044	0,03478	96,21260
105	108	0,06579	0,04536	95,91920
337	338	0,02924	0,02016	95,32500
378	377	0,11148	0,07686	95,28570
314	318	0,07237	0,04990	90,96820
61	60	0,04386	0,03024	90,75270
60	58	0,01097	0,00756	90,65100
257	258	0,10600	0,07308	89,91060
247	248	0,07273	0,05015	89,90730
204	205	0,06214	0,04284	89,90600
119	121	0,01022	0,00863	87,66520
310	314	0,07237	0,04990	86,32270
84	107	0,06579	0,04536	83,94240
34	47	0,17361	0,11970	81,28270
49	39	0,08772	0,06048	79,18980
39	30	0,11696	0,08064	79,08740
143	150	0,09869	0,06804	78,77780
300	286	0,10965	0,07560	78,72940
35	38	0,08041	0,05544	78,04590
38	41	0,10417	0,07182	77,94800
412	413	0,08735	0,06023	75,68290
414	385	0,07200	0,04964	75,58930
293	236	0,06945	0,04788	72,69280
133	140	0,10600	0,07308	71,91570
146	149	0,05483	0,03780	69,78170
313	317	0,06835	0,04712	69,76660
36	45	0,13158	0,09072	69,43260
216	217	0,09931	0,08384	68,88280
49	45	0,04386	0,03024	68,15720
362	272	0,01645	0,01134	66,64170
334	336	0,07127	0,04914	63,70350
302	303	0,04532	0,03125	63,29640
402	387	0,05665	0,03906	62,17180
1	273	0,01425	0,00983	62,16980
408	409	0,06689	0,04612	59,12810
41	43	0,11696	0,08064	57,72140
200	201	0,00731	0,00504	57,69780
110	84	0,04386	0,03024	56,14650
202	1	0,48246	0,33264	56,13080
103	110	0,07676	0,05292	56,05330
306	310	0,12646	0,08719	55,97100
304	306	0,06945	0,04788	55,87820
405	389	0,05885	0,04057	55,46390
148	57	0,14620	0,10080	53,96460
29	34	0,11513	0,07938	53,03740
42	37	0,06762	0,04662	50,97780
221	344	0,02924	0,02016	50,09080
357	245	0,00548	0,00378	50,09010
317	319	0,12354	0,08518	48,30660
310	320	0,01279	0,00882	47,85430
296	298	0,03765	0,02596	45,61890
400	404	0,04752	0,03276	45,61800
310	315	0,06140	0,04234	45,10480
413	396	0,06945	0,04788	44,28480
315	311	0,08333	0,05746	43,47580
311	304	0,10526	0,07258	43,38380
75	81	0,08407	0,05796	41,79700
365	366	0,02559	0,01764	41,23680
409	394	0,06908	0,04763	38,01440
290	291	0,00548	0,00378	38,01330
318	315	0,06945	0,04788	35,04830
366	271	0,01645	0,01134	34,43860
140	147	0,15351	0,10584	33,05390
352	353	0,21382	0,14742	32,29700
239	240	0,00584	0,00493	32,20260
249	358	0,04313	0,02974	31,89600
358	359	0,00548	0,00378	31,79660
413	397	0,07054	0,04864	31,30580
254	255	0,02741	0,01890	29,06920
46	42	0,02559	0,01764	27,36590
353	213	0,20103	0,13860	26,83460
352	212	0,11367	0,07837	26,83380
324	325	0,04825	0,03326	26,83320
3	10	0,10782	0,07434	26,50240
359	250	0,02010	0,01386	25,49530
368	343	0,00914	0,00630	25,49520
364	284	0,10417	0,07182	24,16680
190	189	0,07310	0,05040	23,53130
68	93	0,08407	0,05796	23,26000
189	193	0,02339	0,01613	23,25960
92	87	0,01285	0,01085	23,25950
138	194	0,01279	0,00882	23,25950
199	192	0,01462	0,01008	23,25950
135	195	0,00914	0,00630	23,25950
107	103	0,05483	0,03780	22,66900
336	337	0,06469	0,04460	22,41900
409	393	0,07383	0,05090	21,02420
410	415	0,06579	0,04536	21,02410
254	361	0,05885	0,04057	20,21460
361	256	0,04021	0,02772	20,12480
374	227	0,00366	0,00252	20,12460
412	399	0,05665	0,03906	18,78850
359	251	0,14072	0,09702	17,63050
401	386	0,05921	0,04082	16,55310
341	342	0,11331	0,07812	15,65280
406	391	0,07310	0,05040	15,65270
412	398	0,07164	0,04939	15,65270
243	355	0,00548	0,00378	15,41610
355	354	0,12793	0,08820	15,32400
314	317	0,08151	0,05620	15,21910
331	332	0,02741	0,01890	14,31790
147	142	0,10600	0,07308	13,68000
403	388	0,08333	0,05746	13,41660
303	304	0,19518	0,13457	12,29550
27	31	0,10234	0,07056	12,20930
163	184	0,07595	0,06412	11,26990
277	278	0,03290	0,02268	11,18040
411	395	0,05958	0,04108	11,18040
95	112	0,03290	0,02268	11,15830
370	348	0,11879	0,08190	9,84900
354	241	0,07310	0,05040	9,84890
319	318	0,06652	0,04586	9,39460
57	147	0,15717	0,10836	7,33430
366	270	0,10051	0,06930	6,70830
369	347	0,13158	0,09072	5,38520
353	214	0,05007	0,03452	5,38520
407	392	0,07858	0,05418	5,38520
354	242	0,01828	0,01260	5,38520
189	198	0,10965	0,07560	0,20000
82	80	0,07310	0,05040	0,10000
86	91	0,09503	0,06552	0,10000
126	124	0,02924	0,02016	0,10000
169	162	0,07676	0,05292	0,10000
171	163	0,06426	0,05425	0,10000
198	196	0,03655	0,02520	0,10000
