16	17	0,0524	0,1076	4995,8728
17	18	0,1572	0,3228	4364,8729
11	12	0,3406	0,6944	4203,2090
47	84	0,2430	0,8280	3891,2978
47	48	0,0655	0,1345	3891,2978
48	49	0,0655	0,1345	3875,2124
49	50	0,0393	0,0807	3859,1458
11	84	0,0786	0,1614	3844,9192
15	84	0,1134	0,3864	3758,9827
15	16	0,0524	0,1076	3758,9827
25	84	0,0567	0,1932	3747,3965
25	26	0,1048	0,2152	3689,2650
50	51	0,0786	0,1614	3593,7006
77	84	0,2511	0,8556	3592,0668
77	78	0,1296	0,4416	3592,0668
18	19	0,0393	0,0807	3553,4174
30	84	0,1965	0,3960	3526,1285
30	31	0,1310	0,2690	3526,1285
43	84	0,0486	0,1656	3385,8085
43	44	0,0393	0,0807	3019,1841
78	79	0,0486	0,1656	3016,3137
44	45	0,1310	0,2690	2977,5315
1	84	0,1944	0,6624	2883,9406
1	2	0,2096	0,4304	2883,9406
2	3	0,2358	0,4842	2745,8950
56	84	0,2268	0,7728	2623,7786
56	57	0,5371	1,1029	2623,7786
51	52	0,0393	0,0807	2577,3057
57	58	0,0524	0,1076	2529,4141
3	4	0,0917	0,1883	2356,9794
73	84	0,3240	1,1040	2301,7304
73	74	0,0324	0,1104	2301,7304
74	75	0,0567	0,1932	2297,6938
65	84	0,0486	0,1656	2249,1487
65	66	0,1703	0,3497	2249,1487
66	67	0,1215	0,4140	2177,7501
67	68	0,2187	0,7452	2164,2209
52	53	0,0786	0,1614	1991,8016
19	20	0,1703	0,3497	1989,6968
26	27	0,2489	0,5111	1974,3608
4	5	0,2096	0,4304	1918,6956
45	46	0,2358	0,4842	1899,0305
27	28	0,0486	0,1656	1836,9830
58	59	0,0405	0,1380	1791,5386
59	60	0,0393	0,0807	1788,5739
34	46	0,0262	0,0538	1634,5169
5	6	0,0393	0,0807	1632,4874
68	69	0,0486	0,1656	1601,9883
69	70	0,0729	0,2484	1598,9888
16	26	0,0917	0,1883	1596,2419
70	71	0,0567	0,1932	1594,4954
7	60	0,1310	0,2690	1376,9520
12	72	0,3406	0,6994	1172,4528
31	32	0,1310	0,2690	1126,2673
71	72	0,0262	0,0528	915,5951
12	14	0,0786	0,1614	899,7665
20	83	0,0786	0,1614	893,5711
28	32	0,0524	0,1076	887,5468
75	76	0,0486	0,1656	761,3632
53	54	0,0524	0,1076	754,1594
20	21	0,2358	0,4842	681,9506
79	80	0,1310	0,2640	654,0549
53	64	0,0393	0,0807	623,6547
12	13	0,0262	0,0538	602,0557
28	29	0,1310	0,2690	469,8607
80	81	0,1310	0,2640	429,1470
13	76	0,4585	0,9415	421,9036
82	83	0,3144	0,6456	414,3260
34	35	0,0524	0,1076	400,0365
7	10	0,1048	0,2152	397,2804
60	61	0,0262	0,0538	385,8136
7	9	0,2358	0,4842	378,6010
11	43	0,1310	0,2690	370,6154
61	62	0,1048	0,2152	363,4054
7	8	0,1048	0,2152	360,7809
81	82	0,0917	0,1883	315,3357
35	36	0,4978	1,0222	283,3027
6	7	0,0405	0,1380	275,1565
63	64	0,0243	0,0828	267,1426
29	39	0,0786	0,1614	236,7062
33	34	0,1703	0,3497	235,4787
38	41	0,1965	0,4035	219,4362
54	55	0,1310	0,2690	174,9218
36	37	0,0393	0,0807	166,0948
37	38	0,0393	0,0807	143,8637
62	63	0,2358	0,4842	126,7493
39	40	0,2096	0,4304	116,8551
21	23	0,1965	0,4035	104,4350
38	39	0,0786	0,1614	97,9787
40	42	0,1965	0,4035	94,7592
5	55	0,1310	0,2690	89,5600
21	22	0,1572	0,3228	53,8581
23	24	0,1310	0,2690	50,9941
14	18	0,5371	1,0824	39,5467
41	42	0,2096	0,4304	37,2982
32	33	0,0262	0,0538	35,5310
